1  5
S  6
  1   1.2645856900e+03   1.9447575900e-03
  2   1.8993680600e+02   1.4835052000e-02
  3   4.3159089000e+01   7.2090546290e-02
  4   1.2098662700e+01   2.3715415000e-01
  5   3.8063232200e+00   4.6919865190e-01
  6   1.2728903000e+00   3.5652022790e-01
S  3
  1   3.1964630980e+00  -1.1264872850e-01
  2   7.4781330380e-01  -2.2950640790e-01
  3   2.1996633020e-01   1.1869167640e+00
S  1
  1   8.2309900700e-02   1.0000000000e+00
P  3
  1   3.1964630980e+00   5.5980199800e-02
  2   7.4781330380e-01   2.6155061100e-01
  3   2.1996633020e-01   7.9397233890e-01
P  1
  1   8.2309900700e-02   1.0000000000e+00
