NITROGEN
S   5
1      8104.0716                  .000802
2      1216.0215                  .006174
3       277.23428                 .031233
4        76.904023                .115198
5        25.874419                .296951
S   2
1         9.346767                .447349
2         3.579794                .245003
S   1
1         0.739610               1.
S   1
1         0.222617               1.
S   1
1         0.067006               1.
S   1
1         0.0202000              1.0000000
S   1
1         0.0060800              1.0000000
P   4
1        26.868987                .014478
2         5.991227                .091156
3         1.750842                .297420
4         0.560511                .493796
P   1
1         0.175948               1.
P   1
1         0.055231               1.
P   1
1         0.0173000              1.0000000
D   2
1         1.750842                .224774
2         0.560511                .659562
D   2
1         0.175948                .871355
2         0.055231                .704217
D   1
1         0.0173000              1.0000000


